name,value,similarity,value_rank,similarity_rank
Pb0.94Sr0.04TeNa0.02,2.27156,0.8978540301322937,1.0,86.0
Na0.02Pb0.98Te0.85Se0.15,1.703161584,0.9072156548500061,2.0,17.0
Na0.02Pb0.98Te0.75Se0.25,1.636067789,0.9005049467086792,3.0,63.0
Pb0.97Sr0.02TeNa0.01,1.56067,0.8890315890312195,4.0,120.0
Cu2Se,1.517965927,0.9042024612426758,5.0,31.0
In0.25Co4Sb12,1.504651502,0.8890340328216553,6.0,119.0
Zr0.5Hf0.5NiSn1.998Sb0.002,1.45,0.9089004993438721,7.0,13.0
Zr0.25Hf0.25Ti0.5NiSn,1.419170654,0.891572117805481,8.0,114.0
Ba8Ga16Ge30,1.401404207,0.8176828026771545,9.0,189.0
NaCo2O4,1.399413646,0.8228011131286621,10.0,185.0
Tl0.02Pb0.98Te,1.387416646,0.8968641757965088,11.0,89.0
In0.2Co4Sb12,1.385962072,0.881432056427002,12.0,152.0
Ag0.15Sb0.15Te1.15Ge0.85,1.384355066,0.9014179110527039,13.0,58.0
Zr0.5Hf0.5NiSn1.994Sb0.006,1.3448,0.9118720889091492,14.0,5.0
Na0.02Pb0.98Te,1.329723145,0.9036241769790649,15.0,35.0
Zn4Sb3,1.286961011,0.8108689188957214,16.0,192.0
Ag9TlTe5,1.282285985,0.8497967720031738,17.0,171.0
In0.15Co4Sb12,1.27177965,0.8908713459968567,18.0,116.0
Zr0.35Hf0.35Ti0.3NiSn,1.263615091,0.8910661339759827,19.0,115.0
Cu1.98Se,1.230837438,0.8878645896911621,20.0,125.0
Pb0.98TeNa0.02,1.20211,0.8934527039527893,21.0,107.0
Bi2Sr2Co2O8,1.191133093,0.7592268586158752,22.0,194.0
In0.3Co4Sb12,1.181566055,0.8815447092056274,23.0,151.0
Ca2Co2O5,1.074714975,0.587762713432312,24.0,197.0
Zr0.15Hf0.15Ti0.7NiSn,1.016372274,0.9027068018913269,25.0,47.0
Tl9BiTe6,0.999677445,0.8412123322486877,26.0,176.0
Bi2Te3,0.975,0.8792297840118408,27.0,157.0
AgCrSe2,0.974581824,0.7434195876121521,28.0,195.0
Ba8Ga18Ge28,0.962666667,0.7203602194786072,29.0,196.0
Zr0.4Hf0.4Ti0.2NiSn,0.949138206,0.9040539264678955,30.0,33.0
Ca3Co4O9,0.931656243,0.8206952810287476,31.0,186.0
Sr0.61Ba0.39Nb2O6,0.930169913,0.9014895558357239,32.0,56.0
Mg2Si0.6Ge0.4Bi0.02,0.925677614,0.909424901008606,33.0,11.0
In0.1Co4Sb12,0.889593963,0.8854352235794067,34.0,135.0
Mg2Si0.98Bi0.02,0.88258266,0.8933947086334229,35.0,108.0
Tl0.01Pb0.99Te,0.871875767,0.8950031399726868,36.0,96.0
Si0.7956Ge0.1989P0.0055,0.862981105,0.895512580871582,37.0,93.0
LaFe3CoSb12,0.852255776,0.8300798535346985,38.0,181.0
Si0.8Ge0.2,0.845526008,0.8971178531646729,39.0,88.0
Yb14MnSb11,0.822909213,0.8155028223991394,40.0,190.0
CeFe3CoSb12,0.812013631,0.833966851234436,41.0,179.0
La2.74Te4,0.810073831,0.8984502553939819,42.0,82.0
CeFe4Sb12,0.748267895,0.8720883131027222,43.0,160.0
Ca2.94Na0.06AlSb3,0.73390925,0.9020730257034302,44.0,51.0
La3Te3.35Sb0.65,0.721599719,0.8819224238395691,45.0,150.0
Ca2.97Na0.03AlSb3,0.717253124,0.894307017326355,46.0,104.0
Ca2.85Na0.15AlSb3,0.694694118,0.90223628282547,47.0,49.0
CeFe3.5Co0.5Sb14,0.6558871,0.8878039121627808,48.0,126.0
Zr0.98Nb0.02NiSn,0.651557074,0.9075850248336792,49.0,15.0
Ca4.75Na0.25Al2Sb6,0.649112203,0.89670729637146,50.0,90.0
Mg2Si0.9985Bi0.0015,0.636122931,0.8925659656524658,51.0,110.0
Zr0.95Nb0.05NiSn,0.620411774,0.9001749753952026,52.0,65.0
Zr0.99Nb0.01NiSn,0.603500311,0.9049687385559082,53.0,25.0
In0.05Co4Sb12,0.594360115,0.8867724537849426,54.0,131.0
Si0.79936Ge0.19984B0.0008,0.580112442,0.909677267074585,55.0,9.0
Sb0.005I0.015Cs0.995Bi3.98Te5.97,0.559473882,0.8950437307357788,56.0,95.0
Zr0.5Hf0.5NiSn,0.549896257,0.8839600086212158,57.0,141.0
Ti0.98Nb0.02NiSn,0.539039134,0.9047272801399231,58.0,29.0
Ti0.95Nb0.05NiSn,0.509801867,0.8945876955986023,59.0,103.0
Ti0.99Nb0.01NiSn,0.508510843,0.9016057848930359,60.0,55.0
Mg2Si0.997Bi0.003,0.499678292,0.8873373866081238,61.0,128.0
La3Te3.35Bi0.65,0.475062535,0.8820706605911255,62.0,148.0
Mg2Si,0.444343225,0.9117471575737,63.0,6.0
Mg2Si0.993Bi0.007,0.436870906,0.9038569331169128,64.0,34.0
ZrNiSn,0.42941353,0.8428423404693604,65.0,175.0
Zn0.9975Al0.0025O,0.426280342,0.8864870667457581,66.0,133.0
Cu4.0Mo6S8,0.39819721,0.9028531908988953,67.0,44.0
Mg2Si0.995Bi0.005,0.385970744,0.8735105991363525,68.0,159.0
Sn1.2S1.2Ti2S4,0.377708802,0.8994115591049194,69.0,71.0
TiNiSn,0.362358717,0.884813129901886,70.0,139.0
Ba0.3Sr0.6La0.1TiO3,0.356678749,0.8991864919662476,71.0,73.0
SrTi0.8Nb0.2O3,0.337735156,0.9148183465003967,72.0,3.0
La3Te3.65Sb0.35,0.330553514,0.8822192549705505,73.0,147.0
Mg2Si0.999Bi0.001,0.322249944,0.8921823501586914,74.0,111.0
Ca4.95Na0.05Al2Sb6,0.317966897,0.898490309715271,75.0,81.0
Ca2.4Na0.3Bi0.3Co4O9,0.315065412,0.901134729385376,76.0,60.0
Sr0.145Ga0.302Ge0.553,0.293999426,0.8990716338157654,77.0,75.0
La3Te3.8Sb0.2,0.281365063,0.9007756114006042,78.0,62.0
Bi1.2S1.2Ti2S4,0.277944192,0.904853105545044,79.0,27.0
In1.8Ge0.2O3,0.277913956,0.8948284387588501,80.0,98.0
NbCo1.05Sn,0.27533795,0.8356615304946899,81.0,178.0
Pb1.8S1.8Ti2S4,0.274353006,0.8834213018417358,82.0,143.0
Mg2Si0.6Ge0.4Ag0.02,0.265043949,0.9072755575180054,83.0,16.0
In1.9Ge0.1O3,0.262891577,0.8946353793144226,84.0,100.0
In1.94Ge0.06O3,0.242663763,0.8881510496139526,85.0,123.0
In1.994Ge0.006O3,0.242294205,0.8961198329925537,86.0,92.0
NbCo1.10Sn,0.242232068,0.8706800937652588,87.0,161.0
Ca2.7Bi0.3Co4O9,0.241256545,0.8945921659469604,88.0,101.0
In1.998Ge0.002O3,0.240031089,0.8832696080207825,89.0,144.0
Sr0.146Ga0.285Ge0.569,0.239019646,0.9049829244613647,90.0,24.0
In1.985Ge0.015O3,0.231919011,0.8822737336158752,91.0,146.0
Zn0.95Al0.05O,0.227868794,0.8902631998062134,92.0,118.0
Ca2.7Na0.3Co4O9,0.226762625,0.8973499536514282,93.0,87.0
Sr0.147Ga0.298Ge0.555,0.223320108,0.8883346915245056,94.0,122.0
CaGd0.96Mn0.04O3,0.220343013,0.8918380737304688,95.0,113.0
Ba7SrAl16Si30,0.217595686,0.8667564392089844,96.0,164.0
Zn0.98Al0.02O,0.212496077,0.8932002186775208,97.0,109.0
La2.99Te4,0.199618299,0.9030148386955261,98.0,41.0
CaYb0.05Mn0.95O3,0.199082397,0.8820250630378723,99.0,149.0
CeFe3.5Co0.5Sb13,0.198167011,0.8848968148231506,100.0,138.0
Ba8Au5.59Si39.01,0.19673713,0.9016715288162231,101.0,54.0
Sr0.9La0.1TiO3,0.195461682,0.9048522114753723,102.0,28.0
Cr1.3Mo6S8,0.188309984,0.9008166193962097,103.0,61.0
Sb2Te3,0.1875,0.8286153078079224,104.0,182.0
Ba8Au6.10Si38.97,0.177710375,0.9096735715866089,105.0,10.0
Mg2Si0.98Ag0.02,0.176754891,0.8988445401191711,106.0,78.0
Sr0.9Y0.1TiO3,0.174659813,0.9000124335289001,107.0,68.0
Mg1.95Ca0.05Si,0.168840415,0.8777804970741272,108.0,158.0
Ca0.9Y0.1MnO3,0.158857,0.8980748653411865,109.0,83.0
SrNd0.2Ti0.8O3,0.155117618,0.9052780270576477,110.0,23.0
CuRh0.9Mg0.1O2,0.152467292,0.8993008732795715,111.0,72.0
ZrNiSn0.98Sb0.02,0.151338494,0.8996860980987549,112.0,69.0
SrNd0.24Ti0.76O3,0.14946236,0.8937678933143616,113.0,106.0
Sr3Ti1.6Nb0.4O7,0.149317383,0.9078897833824158,114.0,14.0
SrDy0.08Ti0.92O3,0.148325495,0.9061547517776489,115.0,19.0
CaMn0.98Nb0.02O3,0.144503757,0.8947282433509827,116.0,99.0
SrNd0.17Ti0.83O3,0.141466893,0.884272575378418,117.0,140.0
Ca0.9Tb0.1MnO3,0.141281,0.9018194079399109,118.0,53.0
Ba0.4Sr0.6PbO3,0.139855751,0.8860787153244019,119.0,134.0
CaYb0.1Mn0.9O3,0.133018362,0.881291925907135,120.0,153.0
Ca0.9Yb0.1MnO3,0.128986958,0.8987195491790771,121.0,80.0
NbCoSn,0.122572444,0.819282591342926,122.0,187.0
CaGd0.94Mn0.06O3,0.121469186,0.882734477519989,123.0,145.0
Ca0.9Bi0.1Mn0.9Nb0.1O3,0.120991889,0.9040637612342834,124.0,32.0
Mn1.3Mo6S8,0.119165632,0.902785062789917,125.0,45.0
Mg1.9Ca0.1Si,0.113164591,0.8945903778076172,126.0,102.0
Sr2Ti0.8Nb0.2O4,0.108941406,0.9130913019180298,127.0,4.0
CeFe3.5Co0.5Sb12,0.10643673,0.8853917717933655,128.0,136.0
Ba0.6Sr0.4PbO3,0.105399534,0.8991075754165649,129.0,74.0
WO2.9,0.104674177,0.8994829058647156,130.0,70.0
Fe1.3Mo6S8,0.103044764,0.9034188985824585,131.0,37.0
Ba8Au5.14Si39.51,0.101322945,0.9030399322509766,132.0,40.0
CaYb0.15Mn0.85O3,0.101172463,0.8908514380455017,133.0,117.0
Ca0.9Bi0.1MnO3,0.096459952,0.9021518230438232,134.0,50.0
ZrNi1.98Cu0.02Sn,0.093139486,0.9011693596839905,135.0,59.0
Zr0.94Y0.06NiSn0.96Sb0.04,0.092641543,0.9057957530021667,136.0,20.0
Ca0.98Bi0.02Mn0.98Nb0.02O3,0.091024352,0.902250349521637,137.0,48.0
Ca3AlSb3,0.090317483,0.8364333510398865,138.0,177.0
CaMnO3,0.089158798,0.8438845276832581,139.0,174.0
Ca0.96Bi0.04Mn0.96Nb0.04O3,0.080246985,0.9030054211616516,140.0,42.0
Ca0.9Ho0.1MnO3,0.0770762,0.8990584015846252,141.0,76.0
Zn0.995Al0.005O,0.074607606,0.8661119341850281,142.0,165.0
Zn0.99Al0.01O,0.074061501,0.8987574577331543,143.0,79.0
In2O3,0.072577584,0.8692382574081421,144.0,163.0
Tl2SnTe5,0.067304238,0.8232635855674744,145.0,184.0
Li0.0242Ni0.9758O,0.063968983,0.9069615006446838,146.0,18.0
CaMn0.96Ru0.04O3,0.063883122,0.8949152231216431,147.0,97.0
Ca0.7Ho0.3MnO3,0.061941,0.9001560211181641,148.0,66.0
Fe0.978Co0.00196Si1.96Y0.04O0.06,0.060820992,0.920971691608429,149.0,2.0
WO2.722,0.059798731,0.883522629737854,150.0,142.0
Ca5Al2Sb6,0.059326794,0.817801833152771,151.0,188.0
Ba0.8Sr0.2PbO3,0.055061518,0.9034459590911865,152.0,36.0
Mg2Si0.994Bi0.006,0.051644691,0.9029222726821899,153.0,43.0
Ca0.7Tb0.3MnO3,0.0495538,0.9043704271316528,154.0,30.0
La0.95Sr0.05CoO3,0.048140749,0.879662275314331,155.0,155.0
CuCr0.97Mg0.03O2,0.047104642,0.9014763832092285,156.0,57.0
Fe1.94Ti0.06O3,0.045042023,0.8812625408172607,157.0,154.0
Fe1.96Ti0.04O3,0.04224856,0.8921505808830261,158.0,112.0
SrNb0.15Ti0.85O3,0.041526869,0.9004092216491699,159.0,64.0
Ni2.0Mo6S8,0.039452953,0.9001321792602539,160.0,67.0
Fe1.96Sn0.04O3,0.038917217,0.905308187007904,161.0,22.0
Sr1.6La0.4Nb2O7,0.038163333,0.896681010723114,162.0,91.0
Fe0.998Co0.002Si2,0.037881951,0.8705389499664307,163.0,162.0
CuCr0.95Mg0.05O2,0.037136033,0.8953636884689331,164.0,94.0
Ca0.7Y0.3MnO3,0.0340102,0.8989524841308594,165.0,77.0
Ca0.9Nd0.1MnO3,0.03329024,0.9054630994796753,166.0,21.0
CuCr0.96Mg0.04O2,0.03041577,0.9031082987785339,167.0,39.0
BaPbO3,0.029357635,0.828204333782196,168.0,183.0
Li0.0066Ni0.9944O,0.02826674,0.9112226963043213,169.0,7.0
K2Bi8Se13,0.027669081,0.8002830147743225,170.0,193.0
La0.98Sr0.02CoO3,0.026234732,0.8877905011177063,171.0,127.0
Fe0.978Co0.00196Si1.96Y0.12O0.18,0.0225,0.9228686690330505,172.0,1.0
ZrNi0.76Co0.004Cu0.2Sn,0.018352111,0.9093884229660034,173.0,12.0
Li0.0024Ni0.9976O,0.017497599,0.9033796787261963,174.0,38.0
La0.99Sr0.01CoO3,0.016495189,0.8871021270751953,175.0,129.0
Mo3Te4,0.014946413,0.8603933453559875,176.0,166.0
CuCr0.98Mg0.02O2,0.014529805,0.9048892855644226,177.0,26.0
Tl2GeTe5,0.011610217,0.8578129410743713,178.0,168.0
Mo6Te7S,0.011602871,0.8443349599838257,179.0,173.0
Nd2CuO4,0.011049908,0.8317545652389526,180.0,180.0
CuCr0.99Mg0.01O2,0.01097686,0.9020416140556335,181.0,52.0
La0.8Sr0.2CoO3,0.00788839,0.8942440748214722,182.0,105.0
Nd2Cu0.98Ni0.02O4,0.007630344,0.8879079818725586,183.0,124.0
Mo6Te6S2,0.006182272,0.8521865606307983,184.0,169.0
CuCrO2,0.00617642,0.8502657413482666,185.0,170.0
Nd2Cu0.98Zn0.02O4,0.005420334,0.8867273330688477,186.0,132.0
Sr4.5Nb4.5O15.5,0.003877551,0.8886988759040833,187.0,121.0
Sm0.5Ca0.5MnO3,0.001753013,0.8849504590034485,188.0,137.0
ZnO,0.000749156,0.8793038129806519,189.0,156.0
Sm1.7Ca0.3MnO3,0.000528343,0.8870046734809875,190.0,130.0
LaCoO3,0.000314602,0.8590320348739624,191.0,167.0
KBi6.33S10,8.74126e-05,0.9027790427207947,192.0,46.0
Tl2Cu2SnTe4,7.28576e-05,0.8139355182647705,193.0,191.0
TlTiPS5,6.76443e-08,0.8482069969177246,194.0,172.0
Ni0.02Zn0.98O,0.0,0.8979387283325195,196.0,85.0
Al0.02Zn0.98O,0.0,0.8980631828308105,196.0,84.0
Zn0.9604Al0.0196Ni0.02O,0.0,0.9108346104621887,196.0,8.0
